+---------------+------------------+------------------+-------------+------------+---------------+-------------+----------------+---------+--------------+---------------------+
| election_year | party_normalized | total_candidates | smd_winners | pr_winners | total_winners | total_votes | avg_vote_share | avg_age | smd_win_rate | votes_per_candidate |
+---------------+------------------+------------------+-------------+------------+---------------+-------------+----------------+---------+--------------+---------------------+
|          2024 | 自由民主党       |              266 |         132 |         47 |           179 |    20867759 |          42.64 |    55.9 |        49.62 |             78450.0 |
|          2024 | 立憲民主党       |              207 |         104 |         43 |           147 |    15740858 |          39.47 |    54.7 |        50.24 |             76043.0 |
|          2024 | 日本維新の会     |              163 |          23 |         15 |            38 |     6048102 |           19.4 |    50.8 |        14.11 |             37105.0 |
|          2024 | 日本共産党       |              213 |           1 |          1 |             2 |     3695805 |            9.5 |    58.2 |         0.47 |             17351.0 |
|          2024 | 無所属           |               81 |          12 |          0 |            12 |     2534570 |          16.84 |    57.4 |        14.81 |             31291.0 |
|          2024 | 国民民主党       |               41 |          11 |         16 |            27 |     2349583 |          30.92 |    47.3 |        26.83 |             57307.0 |
|          2024 | 参政             |               85 |           0 |          1 |             1 |     1357188 |            7.9 |    44.2 |          0.0 |             15967.0 |
|          2024 | 公明党           |               11 |           4 |          0 |             4 |      730401 |          35.88 |    58.5 |        36.36 |             66400.0 |
|          2024 | れい             |               19 |           0 |          7 |             7 |      425445 |          11.45 |    52.8 |          0.0 |             22392.0 |
|          2024 | 社会民主党       |               10 |           1 |          0 |             1 |      283287 |          16.62 |    58.6 |         10.0 |             28329.0 |
|          2024 | 諸派             |               17 |           1 |          0 |             1 |      228867 |           6.89 |    54.0 |         5.88 |             13463.0 |
|          2021 | 自由民主党       |              277 |         187 |         56 |           243 |    27626157 |           51.1 |    57.2 |        67.51 |             99733.0 |
|          2021 | 立憲民主党       |              214 |          57 |         39 |            96 |    17215620 |           39.0 |    53.6 |        26.64 |             80447.0 |
|          2021 | 日本維新の会     |               94 |          16 |         25 |            41 |     4802793 |          23.69 |    50.4 |        17.02 |             51094.0 |
|          2021 | 日本共産党       |              105 |           1 |          3 |             4 |     2640801 |           13.4 |    53.1 |         0.95 |             25150.0 |
|          2021 | 無所属           |               80 |          12 |          0 |            12 |     2269166 |           14.8 |    57.4 |         15.0 |             28365.0 |
|          2021 | 国民民主党       |               21 |           6 |          5 |            11 |     1245719 |          33.63 |    51.1 |        28.57 |             59320.0 |
|          2021 | 公明党           |                9 |           9 |          0 |             9 |      872931 |           51.7 |    57.3 |        100.0 |             96992.0 |
|          2021 | 社会民主党       |                9 |           1 |          0 |             1 |      313193 |          18.36 |    61.8 |        11.11 |             34799.0 |
|          2021 | れい             |               12 |           0 |          2 |             2 |      248280 |          11.05 |    51.6 |          0.0 |             20690.0 |
|          2021 | Ｎ党             |               27 |           0 |          0 |             0 |      150542 |           2.83 |    43.9 |          0.0 |              5576.0 |
|          2021 | 諸派             |                9 |           0 |          0 |             0 |       71826 |           4.14 |    59.1 |          0.0 |              7981.0 |
+---------------+------------------+------------------+-------------+------------+---------------+-------------+----------------+---------+--------------+---------------------+
