+------------------+-----------------+--------------+------------+-----------------+--------------+------------+-------------+-------------+-----------------+-----------------+
| party_normalized | candidates_2021 | winners_2021 | votes_2021 | candidates_2024 | winners_2024 | votes_2024 | seat_change | vote_change | seat_change_pct | vote_change_pct |
+------------------+-----------------+--------------+------------+-----------------+--------------+------------+-------------+-------------+-----------------+-----------------+
| 自由民主党       |             277 |          187 |   27626157 |             266 |          132 |   20867759 |         -55 |    -6758398 |          -29.41 |          -24.46 |
| 立憲民主党       |             214 |           57 |   17215620 |             207 |          104 |   15740858 |          47 |    -1474762 |           82.46 |           -8.57 |
| 日本維新の会     |              94 |           16 |    4802793 |             163 |           23 |    6048102 |           7 |     1245309 |           43.75 |           25.93 |
| 無所属           |              80 |           12 |    2269166 |              81 |           12 |    2534570 |           0 |      265404 |             0.0 |            11.7 |
| 国民民主党       |              21 |            6 |    1245719 |              41 |           11 |    2349583 |           5 |     1103864 |           83.33 |           88.61 |
| 公明党           |               9 |            9 |     872931 |              11 |            4 |     730401 |          -5 |     -142530 |          -55.56 |          -16.33 |
| 日本共産党       |             105 |            1 |    2640801 |             213 |            1 |    3695805 |           0 |     1055004 |             0.0 |           39.95 |
| 社会民主党       |               9 |            1 |     313193 |              10 |            1 |     283287 |           0 |      -29906 |             0.0 |           -9.55 |
| 諸派             |               9 |            0 |      71826 |              17 |            1 |     228867 |           1 |      157041 |            NULL |          218.64 |
| れい             |              12 |            0 |     248280 |              19 |            0 |     425445 |           0 |      177165 |            NULL |           71.36 |
| Ｎ党             |              27 |            0 |     150542 |               0 |            0 |          0 |           0 |     -150542 |            NULL |          -100.0 |
| 参政             |               0 |            0 |          0 |              85 |            0 |    1357188 |           0 |     1357188 |            NULL |            NULL |
+------------------+-----------------+--------------+------------+-----------------+--------------+------------+-------------+-------------+-----------------+-----------------+
